{
 "cells": [
  {
   "cell_type": "markdown",
   "metadata": {},
   "source": [
    "# Generate experiment results"
   ]
  },
  {
   "cell_type": "markdown",
   "metadata": {},
   "source": [
    "This notebook can be used to generate all tables/images based on (already run) experiments. It expects a results folder with all needed experiment results in there. Please use `evaluate.py` to generate these files. Results with the same model, dataset and similarity measure are by default overwritten.\n",
    "\n",
    "The purpose of this (seperate) notebook is to cleanly keep track of all (generated) results, and to provide a direct export for the paper, avoiding small mistakes and allowing for easy changes."
   ]
  },
  {
   "cell_type": "code",
   "execution_count": 89,
   "metadata": {},
   "outputs": [],
   "source": [
    "import json\n",
    "import matplotlib.pyplot as plt\n",
    "import pandas as pd\n",
    "import ast\n",
    "from IPython.display import display\n",
    "\n",
    "data = None\n",
    "with open('results/data.json', 'r') as openfile: data = json.load(openfile)"
   ]
  },
  {
   "cell_type": "code",
   "execution_count": 90,
   "metadata": {},
   "outputs": [
    {
     "name": "stdout",
     "output_type": "stream",
     "text": [
      "17\n"
     ]
    }
   ],
   "source": [
    "df = pd.DataFrame(columns=['model','dataset','metric'] + (list(data[list(data.keys())[0]].keys())))\n",
    "_values = (list(data[list(data.keys())[0]].keys()))\n",
    "print(len(['model','dataset','metric'] + (list(data[list(data.keys())[0]].keys()))))"
   ]
  },
  {
   "cell_type": "code",
   "execution_count": 91,
   "metadata": {},
   "outputs": [
    {
     "name": "stdout",
     "output_type": "stream",
     "text": [
      "['top_personal', 'tafeng', 'euclidean']\n",
      "['top_personal', 'instacart', 'euclidean']\n",
      "['tifuknn', 'tafeng', 'euclidean']\n",
      "['tifuknn', 'instacart', 'euclidean']\n",
      "          model    dataset     metric  recall@010  recall@020  ndcg@010  \\\n",
      "0  top_personal     tafeng  euclidean    0.125882    0.167963  0.104772   \n",
      "1  top_personal  instacart  euclidean    0.399883    0.460263  0.404030   \n",
      "2       tifuknn     tafeng  euclidean    0.136375    0.185327  0.109600   \n",
      "3       tifuknn  instacart  euclidean    0.427098    0.488705  0.430154   \n",
      "\n",
      "   ndcg@020  accuracy@010  accuracy@020  precision@010  precision@020  \\\n",
      "0  0.118901      0.118586      0.166668       0.053020       0.039247   \n",
      "1  0.422493      0.330051      0.448507       0.283040       0.206675   \n",
      "2  0.125664      0.128491      0.183897       0.057447       0.042296   \n",
      "3  0.449261      0.352719      0.476219       0.303200       0.220445   \n",
      "\n",
      "     f1@010    f1@020   mrr@010   mrr@020   phr@010   phr@020  \n",
      "0  0.066004  0.055991  0.196642  0.196642  0.371269  0.477652  \n",
      "1  0.311177  0.258813  0.633515  0.633515  0.867200  0.916900  \n",
      "2  0.071435  0.060445  0.202561  0.202561  0.390261  0.504641  \n",
      "3  0.333126  0.275922  0.655945  0.655945  0.881000  0.924300  \n"
     ]
    }
   ],
   "source": [
    "type(data)\n",
    "for key, values in data.items():\n",
    "    key = ast.literal_eval(key)\n",
    "    print(key)\n",
    "#     print(list(values.values()))\n",
    "#     print(len([[key[0], key[1], key[2]] + list(values.values())))\n",
    "    df.loc[len(df.index)] = [key[0], key[1], key[2]] + list(values.values())\n",
    "print(df)\n",
    "df = df.drop(['metric'], axis=1)"
   ]
  },
  {
   "cell_type": "code",
   "execution_count": 66,
   "metadata": {},
   "outputs": [
    {
     "data": {
      "text/html": [
       "<div>\n",
       "<style scoped>\n",
       "    .dataframe tbody tr th:only-of-type {\n",
       "        vertical-align: middle;\n",
       "    }\n",
       "\n",
       "    .dataframe tbody tr th {\n",
       "        vertical-align: top;\n",
       "    }\n",
       "\n",
       "    .dataframe thead th {\n",
       "        text-align: right;\n",
       "    }\n",
       "</style>\n",
       "<table border=\"1\" class=\"dataframe\">\n",
       "  <thead>\n",
       "    <tr style=\"text-align: right;\">\n",
       "      <th></th>\n",
       "      <th>model</th>\n",
       "      <th>dataset</th>\n",
       "      <th>recall@010</th>\n",
       "      <th>recall@020</th>\n",
       "      <th>ndcg@010</th>\n",
       "      <th>ndcg@020</th>\n",
       "      <th>accuracy@010</th>\n",
       "      <th>accuracy@020</th>\n",
       "      <th>precision@010</th>\n",
       "      <th>precision@020</th>\n",
       "      <th>f1@010</th>\n",
       "      <th>f1@020</th>\n",
       "      <th>mrr@010</th>\n",
       "      <th>mrr@020</th>\n",
       "      <th>phr@010</th>\n",
       "      <th>phr@020</th>\n",
       "    </tr>\n",
       "  </thead>\n",
       "  <tbody>\n",
       "    <tr>\n",
       "      <th>0</th>\n",
       "      <td>top_personal</td>\n",
       "      <td>tafeng</td>\n",
       "      <td>0.125882</td>\n",
       "      <td>0.167963</td>\n",
       "      <td>0.104772</td>\n",
       "      <td>0.118901</td>\n",
       "      <td>0.118586</td>\n",
       "      <td>0.166668</td>\n",
       "      <td>0.053020</td>\n",
       "      <td>0.039247</td>\n",
       "      <td>0.066004</td>\n",
       "      <td>0.055991</td>\n",
       "      <td>0.196642</td>\n",
       "      <td>0.196642</td>\n",
       "      <td>0.371269</td>\n",
       "      <td>0.477652</td>\n",
       "    </tr>\n",
       "    <tr>\n",
       "      <th>1</th>\n",
       "      <td>top_personal</td>\n",
       "      <td>instacart</td>\n",
       "      <td>0.399883</td>\n",
       "      <td>0.460263</td>\n",
       "      <td>0.404030</td>\n",
       "      <td>0.422493</td>\n",
       "      <td>0.330051</td>\n",
       "      <td>0.448507</td>\n",
       "      <td>0.283040</td>\n",
       "      <td>0.206675</td>\n",
       "      <td>0.311177</td>\n",
       "      <td>0.258813</td>\n",
       "      <td>0.633515</td>\n",
       "      <td>0.633515</td>\n",
       "      <td>0.867200</td>\n",
       "      <td>0.916900</td>\n",
       "    </tr>\n",
       "    <tr>\n",
       "      <th>2</th>\n",
       "      <td>tifuknn</td>\n",
       "      <td>tafeng</td>\n",
       "      <td>0.136375</td>\n",
       "      <td>0.185327</td>\n",
       "      <td>0.109600</td>\n",
       "      <td>0.125664</td>\n",
       "      <td>0.128491</td>\n",
       "      <td>0.183897</td>\n",
       "      <td>0.057447</td>\n",
       "      <td>0.042296</td>\n",
       "      <td>0.071435</td>\n",
       "      <td>0.060445</td>\n",
       "      <td>0.202561</td>\n",
       "      <td>0.202561</td>\n",
       "      <td>0.390261</td>\n",
       "      <td>0.504641</td>\n",
       "    </tr>\n",
       "    <tr>\n",
       "      <th>3</th>\n",
       "      <td>tifuknn</td>\n",
       "      <td>instacart</td>\n",
       "      <td>0.427098</td>\n",
       "      <td>0.488705</td>\n",
       "      <td>0.430154</td>\n",
       "      <td>0.449261</td>\n",
       "      <td>0.352719</td>\n",
       "      <td>0.476219</td>\n",
       "      <td>0.303200</td>\n",
       "      <td>0.220445</td>\n",
       "      <td>0.333126</td>\n",
       "      <td>0.275922</td>\n",
       "      <td>0.655945</td>\n",
       "      <td>0.655945</td>\n",
       "      <td>0.881000</td>\n",
       "      <td>0.924300</td>\n",
       "    </tr>\n",
       "  </tbody>\n",
       "</table>\n",
       "</div>"
      ],
      "text/plain": [
       "          model    dataset  recall@010  recall@020  ndcg@010  ndcg@020  \\\n",
       "0  top_personal     tafeng    0.125882    0.167963  0.104772  0.118901   \n",
       "1  top_personal  instacart    0.399883    0.460263  0.404030  0.422493   \n",
       "2       tifuknn     tafeng    0.136375    0.185327  0.109600  0.125664   \n",
       "3       tifuknn  instacart    0.427098    0.488705  0.430154  0.449261   \n",
       "\n",
       "   accuracy@010  accuracy@020  precision@010  precision@020    f1@010  \\\n",
       "0      0.118586      0.166668       0.053020       0.039247  0.066004   \n",
       "1      0.330051      0.448507       0.283040       0.206675  0.311177   \n",
       "2      0.128491      0.183897       0.057447       0.042296  0.071435   \n",
       "3      0.352719      0.476219       0.303200       0.220445  0.333126   \n",
       "\n",
       "     f1@020   mrr@010   mrr@020   phr@010   phr@020  \n",
       "0  0.055991  0.196642  0.196642  0.371269  0.477652  \n",
       "1  0.258813  0.633515  0.633515  0.867200  0.916900  \n",
       "2  0.060445  0.202561  0.202561  0.390261  0.504641  \n",
       "3  0.275922  0.655945  0.655945  0.881000  0.924300  "
      ]
     },
     "metadata": {},
     "output_type": "display_data"
    }
   ],
   "source": [
    "display(df)"
   ]
  },
  {
   "cell_type": "code",
   "execution_count": 95,
   "metadata": {},
   "outputs": [],
   "source": [
    "df = df.set_index('dataset')"
   ]
  },
  {
   "cell_type": "code",
   "execution_count": 96,
   "metadata": {},
   "outputs": [
    {
     "data": {
      "text/html": [
       "<div>\n",
       "<style scoped>\n",
       "    .dataframe tbody tr th:only-of-type {\n",
       "        vertical-align: middle;\n",
       "    }\n",
       "\n",
       "    .dataframe tbody tr th {\n",
       "        vertical-align: top;\n",
       "    }\n",
       "\n",
       "    .dataframe thead th {\n",
       "        text-align: right;\n",
       "    }\n",
       "</style>\n",
       "<table border=\"1\" class=\"dataframe\">\n",
       "  <thead>\n",
       "    <tr style=\"text-align: right;\">\n",
       "      <th></th>\n",
       "      <th>model</th>\n",
       "      <th>recall@010</th>\n",
       "      <th>recall@020</th>\n",
       "      <th>ndcg@010</th>\n",
       "      <th>ndcg@020</th>\n",
       "      <th>accuracy@010</th>\n",
       "      <th>accuracy@020</th>\n",
       "      <th>precision@010</th>\n",
       "      <th>precision@020</th>\n",
       "      <th>f1@010</th>\n",
       "      <th>f1@020</th>\n",
       "      <th>mrr@010</th>\n",
       "      <th>mrr@020</th>\n",
       "      <th>phr@010</th>\n",
       "      <th>phr@020</th>\n",
       "    </tr>\n",
       "    <tr>\n",
       "      <th>dataset</th>\n",
       "      <th></th>\n",
       "      <th></th>\n",
       "      <th></th>\n",
       "      <th></th>\n",
       "      <th></th>\n",
       "      <th></th>\n",
       "      <th></th>\n",
       "      <th></th>\n",
       "      <th></th>\n",
       "      <th></th>\n",
       "      <th></th>\n",
       "      <th></th>\n",
       "      <th></th>\n",
       "      <th></th>\n",
       "      <th></th>\n",
       "    </tr>\n",
       "  </thead>\n",
       "  <tbody>\n",
       "    <tr>\n",
       "      <th>tafeng</th>\n",
       "      <td>top_personal</td>\n",
       "      <td>0.125882</td>\n",
       "      <td>0.167963</td>\n",
       "      <td>0.104772</td>\n",
       "      <td>0.118901</td>\n",
       "      <td>0.118586</td>\n",
       "      <td>0.166668</td>\n",
       "      <td>0.053020</td>\n",
       "      <td>0.039247</td>\n",
       "      <td>0.066004</td>\n",
       "      <td>0.055991</td>\n",
       "      <td>0.196642</td>\n",
       "      <td>0.196642</td>\n",
       "      <td>0.371269</td>\n",
       "      <td>0.477652</td>\n",
       "    </tr>\n",
       "    <tr>\n",
       "      <th>instacart</th>\n",
       "      <td>top_personal</td>\n",
       "      <td>0.399883</td>\n",
       "      <td>0.460263</td>\n",
       "      <td>0.404030</td>\n",
       "      <td>0.422493</td>\n",
       "      <td>0.330051</td>\n",
       "      <td>0.448507</td>\n",
       "      <td>0.283040</td>\n",
       "      <td>0.206675</td>\n",
       "      <td>0.311177</td>\n",
       "      <td>0.258813</td>\n",
       "      <td>0.633515</td>\n",
       "      <td>0.633515</td>\n",
       "      <td>0.867200</td>\n",
       "      <td>0.916900</td>\n",
       "    </tr>\n",
       "    <tr>\n",
       "      <th>tafeng</th>\n",
       "      <td>tifuknn</td>\n",
       "      <td>0.136375</td>\n",
       "      <td>0.185327</td>\n",
       "      <td>0.109600</td>\n",
       "      <td>0.125664</td>\n",
       "      <td>0.128491</td>\n",
       "      <td>0.183897</td>\n",
       "      <td>0.057447</td>\n",
       "      <td>0.042296</td>\n",
       "      <td>0.071435</td>\n",
       "      <td>0.060445</td>\n",
       "      <td>0.202561</td>\n",
       "      <td>0.202561</td>\n",
       "      <td>0.390261</td>\n",
       "      <td>0.504641</td>\n",
       "    </tr>\n",
       "    <tr>\n",
       "      <th>instacart</th>\n",
       "      <td>tifuknn</td>\n",
       "      <td>0.427098</td>\n",
       "      <td>0.488705</td>\n",
       "      <td>0.430154</td>\n",
       "      <td>0.449261</td>\n",
       "      <td>0.352719</td>\n",
       "      <td>0.476219</td>\n",
       "      <td>0.303200</td>\n",
       "      <td>0.220445</td>\n",
       "      <td>0.333126</td>\n",
       "      <td>0.275922</td>\n",
       "      <td>0.655945</td>\n",
       "      <td>0.655945</td>\n",
       "      <td>0.881000</td>\n",
       "      <td>0.924300</td>\n",
       "    </tr>\n",
       "  </tbody>\n",
       "</table>\n",
       "</div>"
      ],
      "text/plain": [
       "                  model  recall@010  recall@020  ndcg@010  ndcg@020  \\\n",
       "dataset                                                               \n",
       "tafeng     top_personal    0.125882    0.167963  0.104772  0.118901   \n",
       "instacart  top_personal    0.399883    0.460263  0.404030  0.422493   \n",
       "tafeng          tifuknn    0.136375    0.185327  0.109600  0.125664   \n",
       "instacart       tifuknn    0.427098    0.488705  0.430154  0.449261   \n",
       "\n",
       "           accuracy@010  accuracy@020  precision@010  precision@020    f1@010  \\\n",
       "dataset                                                                         \n",
       "tafeng         0.118586      0.166668       0.053020       0.039247  0.066004   \n",
       "instacart      0.330051      0.448507       0.283040       0.206675  0.311177   \n",
       "tafeng         0.128491      0.183897       0.057447       0.042296  0.071435   \n",
       "instacart      0.352719      0.476219       0.303200       0.220445  0.333126   \n",
       "\n",
       "             f1@020   mrr@010   mrr@020   phr@010   phr@020  \n",
       "dataset                                                      \n",
       "tafeng     0.055991  0.196642  0.196642  0.371269  0.477652  \n",
       "instacart  0.258813  0.633515  0.633515  0.867200  0.916900  \n",
       "tafeng     0.060445  0.202561  0.202561  0.390261  0.504641  \n",
       "instacart  0.275922  0.655945  0.655945  0.881000  0.924300  "
      ]
     },
     "metadata": {},
     "output_type": "display_data"
    }
   ],
   "source": [
    "display(df)"
   ]
  },
  {
   "cell_type": "code",
   "execution_count": 97,
   "metadata": {},
   "outputs": [],
   "source": [
    "df = df.sort_index()"
   ]
  },
  {
   "cell_type": "code",
   "execution_count": 102,
   "metadata": {},
   "outputs": [
    {
     "data": {
      "text/html": [
       "<div>\n",
       "<style scoped>\n",
       "    .dataframe tbody tr th:only-of-type {\n",
       "        vertical-align: middle;\n",
       "    }\n",
       "\n",
       "    .dataframe tbody tr th {\n",
       "        vertical-align: top;\n",
       "    }\n",
       "\n",
       "    .dataframe thead th {\n",
       "        text-align: right;\n",
       "    }\n",
       "</style>\n",
       "<table border=\"1\" class=\"dataframe\">\n",
       "  <thead>\n",
       "    <tr style=\"text-align: right;\">\n",
       "      <th></th>\n",
       "      <th>model</th>\n",
       "      <th>recall@010</th>\n",
       "      <th>recall@020</th>\n",
       "      <th>ndcg@010</th>\n",
       "      <th>ndcg@020</th>\n",
       "      <th>accuracy@010</th>\n",
       "      <th>accuracy@020</th>\n",
       "      <th>precision@010</th>\n",
       "      <th>precision@020</th>\n",
       "      <th>f1@010</th>\n",
       "      <th>f1@020</th>\n",
       "      <th>mrr@010</th>\n",
       "      <th>mrr@020</th>\n",
       "      <th>phr@010</th>\n",
       "      <th>phr@020</th>\n",
       "    </tr>\n",
       "    <tr>\n",
       "      <th>dataset</th>\n",
       "      <th></th>\n",
       "      <th></th>\n",
       "      <th></th>\n",
       "      <th></th>\n",
       "      <th></th>\n",
       "      <th></th>\n",
       "      <th></th>\n",
       "      <th></th>\n",
       "      <th></th>\n",
       "      <th></th>\n",
       "      <th></th>\n",
       "      <th></th>\n",
       "      <th></th>\n",
       "      <th></th>\n",
       "      <th></th>\n",
       "    </tr>\n",
       "  </thead>\n",
       "  <tbody>\n",
       "    <tr>\n",
       "      <th>instacart</th>\n",
       "      <td>tifuknn</td>\n",
       "      <td>0.427098</td>\n",
       "      <td>0.488705</td>\n",
       "      <td>0.430154</td>\n",
       "      <td>0.449261</td>\n",
       "      <td>0.352719</td>\n",
       "      <td>0.476219</td>\n",
       "      <td>0.303200</td>\n",
       "      <td>0.220445</td>\n",
       "      <td>0.333126</td>\n",
       "      <td>0.275922</td>\n",
       "      <td>0.655945</td>\n",
       "      <td>0.655945</td>\n",
       "      <td>0.881000</td>\n",
       "      <td>0.924300</td>\n",
       "    </tr>\n",
       "    <tr>\n",
       "      <th>instacart</th>\n",
       "      <td>top_personal</td>\n",
       "      <td>0.399883</td>\n",
       "      <td>0.460263</td>\n",
       "      <td>0.404030</td>\n",
       "      <td>0.422493</td>\n",
       "      <td>0.330051</td>\n",
       "      <td>0.448507</td>\n",
       "      <td>0.283040</td>\n",
       "      <td>0.206675</td>\n",
       "      <td>0.311177</td>\n",
       "      <td>0.258813</td>\n",
       "      <td>0.633515</td>\n",
       "      <td>0.633515</td>\n",
       "      <td>0.867200</td>\n",
       "      <td>0.916900</td>\n",
       "    </tr>\n",
       "    <tr>\n",
       "      <th>tafeng</th>\n",
       "      <td>tifuknn</td>\n",
       "      <td>0.136375</td>\n",
       "      <td>0.185327</td>\n",
       "      <td>0.109600</td>\n",
       "      <td>0.125664</td>\n",
       "      <td>0.128491</td>\n",
       "      <td>0.183897</td>\n",
       "      <td>0.057447</td>\n",
       "      <td>0.042296</td>\n",
       "      <td>0.071435</td>\n",
       "      <td>0.060445</td>\n",
       "      <td>0.202561</td>\n",
       "      <td>0.202561</td>\n",
       "      <td>0.390261</td>\n",
       "      <td>0.504641</td>\n",
       "    </tr>\n",
       "    <tr>\n",
       "      <th>tafeng</th>\n",
       "      <td>top_personal</td>\n",
       "      <td>0.125882</td>\n",
       "      <td>0.167963</td>\n",
       "      <td>0.104772</td>\n",
       "      <td>0.118901</td>\n",
       "      <td>0.118586</td>\n",
       "      <td>0.166668</td>\n",
       "      <td>0.053020</td>\n",
       "      <td>0.039247</td>\n",
       "      <td>0.066004</td>\n",
       "      <td>0.055991</td>\n",
       "      <td>0.196642</td>\n",
       "      <td>0.196642</td>\n",
       "      <td>0.371269</td>\n",
       "      <td>0.477652</td>\n",
       "    </tr>\n",
       "  </tbody>\n",
       "</table>\n",
       "</div>"
      ],
      "text/plain": [
       "                  model  recall@010  recall@020  ndcg@010  ndcg@020  \\\n",
       "dataset                                                               \n",
       "instacart       tifuknn    0.427098    0.488705  0.430154  0.449261   \n",
       "instacart  top_personal    0.399883    0.460263  0.404030  0.422493   \n",
       "tafeng          tifuknn    0.136375    0.185327  0.109600  0.125664   \n",
       "tafeng     top_personal    0.125882    0.167963  0.104772  0.118901   \n",
       "\n",
       "           accuracy@010  accuracy@020  precision@010  precision@020    f1@010  \\\n",
       "dataset                                                                         \n",
       "instacart      0.352719      0.476219       0.303200       0.220445  0.333126   \n",
       "instacart      0.330051      0.448507       0.283040       0.206675  0.311177   \n",
       "tafeng         0.128491      0.183897       0.057447       0.042296  0.071435   \n",
       "tafeng         0.118586      0.166668       0.053020       0.039247  0.066004   \n",
       "\n",
       "             f1@020   mrr@010   mrr@020   phr@010   phr@020  \n",
       "dataset                                                      \n",
       "instacart  0.275922  0.655945  0.655945  0.881000  0.924300  \n",
       "instacart  0.258813  0.633515  0.633515  0.867200  0.916900  \n",
       "tafeng     0.060445  0.202561  0.202561  0.390261  0.504641  \n",
       "tafeng     0.055991  0.196642  0.196642  0.371269  0.477652  "
      ]
     },
     "metadata": {},
     "output_type": "display_data"
    }
   ],
   "source": [
    "display(df.sort_values(['dataset','model']))\n",
    "# display(df.pivot(index='dataset', columns='model').T)\n",
    "# # display(df.pivot(index=['dataset']+ _values, columns=['model'])) \n",
    "# display(df.pivot(index=['dataset' + 'model'], columns=_values))\n",
    "# # display(df.pivot(index=['dataset'], columns=['model']))\n",
    "# # display(df.pivot(index=['dataset', 'model'], columns))"
   ]
  },
  {
   "cell_type": "code",
   "execution_count": null,
   "metadata": {},
   "outputs": [],
   "source": []
  },
  {
   "cell_type": "code",
   "execution_count": null,
   "metadata": {},
   "outputs": [],
   "source": []
  }
 ],
 "metadata": {
  "kernelspec": {
   "display_name": "Python 3 (ipykernel)",
   "language": "python",
   "name": "python3"
  },
  "language_info": {
   "codemirror_mode": {
    "name": "ipython",
    "version": 3
   },
   "file_extension": ".py",
   "mimetype": "text/x-python",
   "name": "python",
   "nbconvert_exporter": "python",
   "pygments_lexer": "ipython3",
   "version": "3.8.8"
  }
 },
 "nbformat": 4,
 "nbformat_minor": 2
}
